15 0.572266 0.386719 0.167969 0.315104
15 0.314453 0.545573 0.097656 0.236979
15 0.193359 0.673177 0.152344 0.242188
15 0.139648 0.285156 0.119141 0.236979
15 0.869141 0.302083 0.183594 0.302083
15 0.773438 0.647135 0.097656 0.236979
15 0.439453 0.580729 0.121094 0.182292
15 0.450195 0.75651 0.146484 0.179688
15 0.285156 0.171875 0.117188 0.1875
15 0.880859 0.783854 0.089844 0.28125
15 0.089844 0.494792 0.117188 0.161458
15 0.109375 0.910156 0.109375 0.179688
15 0.478516 0.923177 0.125 0.132812
15 0.585938 0.929688 0.0625 0.140625
15 0.665039 0.744792 0.103516 0.213542
15 0.227539 0.402344 0.099609 0.169271