58 0.717059 0.437926 0.467059 0.253752
58 0.240588 0.530696 0.231765 0.130969
58 0.056471 0.515689 0.110588 0.14734
58 0.299412 0.656889 0.196471 0.126876
58 0.228235 0.83015 0.242353 0.298772
58 0.37 0.752387 0.149412 0.110505
58 0.514118 0.638472 0.192941 0.090041
58 0.463529 0.802865 0.127059 0.113233
58 0.063529 0.645975 0.12 0.102319
58 0.05 0.758527 0.090588 0.103683
58 0.080588 0.909277 0.158824 0.162347
58 0.504118 0.946112 0.302353 0.107776
58 0.790588 0.813779 0.251765 0.154161
58 0.757059 0.654161 0.172941 0.088677
58 0.602941 0.737381 0.222353 0.102319
58 0.93 0.66985 0.128235 0.109141
58 0.868824 0.940655 0.187059 0.08322