58 0.705455 0.445148 0.407273 0.223629
58 0.229091 0.514768 0.225455 0.126582
58 0.058182 0.516878 0.109091 0.156118
58 0.06 0.64346 0.112727 0.105485
58 0.050909 0.751055 0.094545 0.14346
58 0.221818 0.822785 0.232727 0.28692
58 0.267273 0.647679 0.156364 0.105485
58 0.376364 0.744726 0.163636 0.097046
58 0.489091 0.64557 0.192727 0.092827
58 0.589091 0.725738 0.218182 0.151899
58 0.756364 0.647679 0.152727 0.113924
58 0.934545 0.672996 0.130909 0.122363
58 0.794545 0.816456 0.287273 0.181435
58 0.507273 0.917722 0.345455 0.105485
58 0.089091 0.909283 0.170909 0.181435
58 0.890909 0.911392 0.218182 0.126582
58 0.463636 0.793249 0.141818 0.126582