77 0.065 0.349265 0.12 0.139706
77 0.1525 0.194853 0.095 0.242647
77 0.06 0.488971 0.11 0.183824
77 0.0925 0.720588 0.105 0.279412
77 0.325 0.533088 0.14 0.169118
77 0.2625 0.279412 0.125 0.176471
77 0.4075 0.257353 0.205 0.117647
77 0.42 0.5625 0.12 0.227941
77 0.39 0.794118 0.16 0.279412
77 0.5225 0.827206 0.145 0.286765
77 0.575 0.588235 0.11 0.205882
77 0.6575 0.525735 0.115 0.242647
77 0.6825 0.191176 0.115 0.147059
77 0.8425 0.198529 0.125 0.161765
77 0.7275 0.731618 0.155 0.154412
77 0.81 0.617647 0.06 0.161765
77 0.87 0.466912 0.08 0.198529
77 0.9575 0.430147 0.065 0.242647
77 0.9175 0.650735 0.105 0.080882
77 0.8925 0.779412 0.125 0.088235
77 0.855 0.893382 0.15 0.125
77 0.97 0.772059 0.06 0.132353