77 0.089789 0.571739 0.116197 0.195652
77 0.047535 0.4 0.088028 0.095652
77 0.06338 0.265217 0.119718 0.078261
77 0.158451 0.176087 0.133803 0.221739
77 0.22007 0.23913 0.059859 0.095652
77 0.306338 0.258696 0.077465 0.16087
77 0.399648 0.195652 0.116197 0.130435
77 0.302817 0.454348 0.15493 0.134783
77 0.195423 0.373913 0.137324 0.104348
77 0.172535 0.508696 0.06338 0.113043
77 0.441901 0.456522 0.102113 0.226087
77 0.385563 0.68913 0.137324 0.23913
77 0.514085 0.704348 0.098592 0.226087
77 0.626761 0.097826 0.112676 0.1
77 0.713028 0.186957 0.116197 0.130435
77 0.855634 0.182609 0.049296 0.113043
77 0.573944 0.504348 0.112676 0.182609
77 0.669014 0.456522 0.112676 0.2
77 0.742958 0.643478 0.06338 0.13913
77 0.827465 0.515217 0.084507 0.108696
77 0.892606 0.406522 0.080986 0.186957
77 0.954225 0.36087 0.056338 0.208696
77 0.897887 0.547826 0.133803 0.086957
77 0.878521 0.636957 0.080986 0.056522
77 0.84507 0.76087 0.197183 0.086957
77 0.963028 0.65 0.073944 0.108696