77 0.056503 0.41029 0.108742 0.113456
77 0.070362 0.295515 0.136461 0.08971
77 0.149254 0.164908 0.085288 0.21372
77 0.088486 0.596306 0.130064 0.17942
77 0.207889 0.238786 0.053305 0.07124
77 0.294243 0.240106 0.119403 0.153034
77 0.413646 0.208443 0.204691 0.14248
77 0.311301 0.453826 0.140725 0.153034
77 0.428571 0.453826 0.093817 0.226913
77 0.375267 0.682058 0.179104 0.224274
77 0.523454 0.699208 0.151386 0.226913
77 0.576759 0.488127 0.113006 0.168865
77 0.671642 0.44723 0.170576 0.229551
77 0.703625 0.1781 0.098081 0.124011
77 0.621535 0.091029 0.08742 0.081794
77 0.860341 0.205805 0.083156 0.121372
77 0.819829 0.523747 0.061834 0.118734
77 0.738806 0.643799 0.108742 0.131926
77 0.891258 0.634565 0.055437 0.07124
77 0.885928 0.385224 0.070362 0.205805
77 0.9371 0.343008 0.108742 0.195251
77 0.930704 0.556728 0.091684 0.073879
77 0.858209 0.742744 0.168443 0.113456
77 0.965885 0.647757 0.06823 0.081794