78 0.148148 0.056911 0.181818 0.105691
78 0.30303 0.085366 0.20202 0.138211
78 0.491582 0.075203 0.26936 0.142276
78 0.774411 0.166667 0.16835 0.186992
78 0.410774 0.347561 0.121212 0.109756
78 0.304714 0.296748 0.151515 0.138211
78 0.415825 0.457317 0.185185 0.182927
78 0.531987 0.542683 0.13468 0.158537
78 0.395623 0.719512 0.171717 0.227642
78 0.558923 0.640244 0.087542 0.101626
78 0.572391 0.711382 0.114478 0.162602
78 0.609428 0.916667 0.16835 0.166667
78 0.624579 0.802846 0.104377 0.117886
78 0.722222 0.896341 0.111111 0.126016