77 0.098387 0.583333 0.125806 0.090476
77 0.112903 0.65 0.070968 0.080952
77 0.177419 0.664286 0.103226 0.109524
77 0.319355 0.666667 0.090323 0.066667
77 0.325806 0.714286 0.064516 0.057143
77 0.396774 0.747619 0.096774 0.114286
77 0.537097 0.742857 0.106452 0.066667
77 0.517742 0.797619 0.093548 0.109524
77 0.716129 0.816667 0.103226 0.071429
77 0.656452 0.85 0.087097 0.090476
77 0.727419 0.888095 0.074194 0.090476
77 0.824194 0.904762 0.093548 0.104762
77 0.967742 0.904762 0.064516 0.066667
77 0.979032 0.97619 0.041935 0.038095
77 0.451613 0.57619 0.103226 0.104762
77 0.443548 0.457143 0.106452 0.114286
77 0.458065 0.347619 0.070968 0.104762
77 0.541935 0.233333 0.064516 0.085714
77 0.645161 0.233333 0.090323 0.07619
77 0.864516 0.197619 0.141935 0.090476
77 0.8 0.338095 0.135484 0.133333
77 0.595161 0.280952 0.067742 0.07619
77 0.612903 0.35 0.103226 0.090476
77 0.622581 0.414286 0.083871 0.085714