77 0.151667 0.204878 0.09 0.253659
77 0.051667 0.32439 0.096667 0.112195
77 0.056667 0.478049 0.106667 0.117073
77 0.226667 0.287805 0.046667 0.078049
77 0.288333 0.297561 0.103333 0.156098
77 0.405 0.231707 0.13 0.15122
77 0.075 0.709756 0.13 0.258537
77 0.313333 0.521951 0.14 0.156098
77 0.435 0.543902 0.116667 0.278049
77 0.386667 0.804878 0.133333 0.234146
77 0.531667 0.834146 0.103333 0.253659
77 0.59 0.592683 0.113333 0.219512
77 0.685 0.55122 0.183333 0.263415
77 0.625 0.092683 0.076667 0.078049
77 0.7 0.212195 0.1 0.131707
77 0.84 0.217073 0.073333 0.102439
77 0.88 0.458537 0.066667 0.234146
77 0.948333 0.402439 0.096667 0.219512
77 0.735 0.746341 0.05 0.156098
77 0.823333 0.609756 0.1 0.117073
77 0.931667 0.668293 0.076667 0.078049
77 0.876667 0.746341 0.106667 0.097561
77 0.861667 0.892683 0.163333 0.126829
77 0.966667 0.780488 0.066667 0.107317