77 0.052542 0.470588 0.098305 0.117647
77 0.074576 0.328054 0.142373 0.113122
77 0.166102 0.190045 0.094915 0.226244
77 0.257627 0.282805 0.067797 0.113122
77 0.320339 0.298643 0.084746 0.153846
77 0.432203 0.251131 0.132203 0.131222
77 0.342373 0.533937 0.142373 0.135747
77 0.20339 0.434389 0.094915 0.090498
77 0.19661 0.604072 0.094915 0.122172
77 0.425424 0.782805 0.179661 0.280543
77 0.455932 0.529412 0.152542 0.262443
77 0.638983 0.597285 0.098305 0.180995
77 0.569492 0.839367 0.135593 0.294118
77 0.727119 0.520362 0.132203 0.226244
77 0.815254 0.728507 0.077966 0.144796
77 0.691525 0.11086 0.122034 0.104072
77 0.767797 0.214932 0.091525 0.131222
77 0.918644 0.219457 0.061017 0.122172
77 0.889831 0.604072 0.091525 0.140271
77 0.955932 0.445701 0.088136 0.221719
77 0.920339 0.895928 0.159322 0.135747
77 0.964407 0.755656 0.071186 0.072398