77 0.102273 0.533333 0.131818 0.109091
77 0.122727 0.60303 0.127273 0.090909
77 0.186364 0.593939 0.072727 0.084848
77 0.313636 0.60303 0.127273 0.042424
77 0.311364 0.636364 0.104545 0.072727
77 0.388636 0.675758 0.104545 0.115152
77 0.468182 0.527273 0.1 0.109091
77 0.443182 0.406061 0.122727 0.09697
77 0.454545 0.315152 0.1 0.09697
77 0.643182 0.190909 0.086364 0.090909
77 0.545455 0.212121 0.063636 0.09697
77 0.611364 0.263636 0.059091 0.066667
77 0.609091 0.312121 0.118182 0.090909
77 0.618182 0.372727 0.1 0.090909
77 0.788636 0.306061 0.077273 0.127273
77 0.875 0.181818 0.140909 0.084848
77 0.529545 0.669697 0.113636 0.090909
77 0.525 0.733333 0.113636 0.121212
77 0.729545 0.745455 0.095455 0.09697
77 0.670455 0.775758 0.05 0.060606
77 0.729545 0.80303 0.077273 0.090909
77 0.818182 0.812121 0.118182 0.109091
77 0.979545 0.845455 0.040909 0.139394