77 0.151667 0.207317 0.11 0.229268
77 0.05 0.326829 0.093333 0.156098
77 0.046667 0.473171 0.086667 0.136585
77 0.085 0.702439 0.116667 0.253659
77 0.301667 0.302439 0.116667 0.156098
77 0.196667 0.429268 0.093333 0.107317
77 0.185 0.590244 0.063333 0.097561
77 0.225 0.285366 0.05 0.092683
77 0.411667 0.256098 0.143333 0.131707
77 0.32 0.539024 0.14 0.15122
77 0.42 0.52439 0.073333 0.239024
77 0.386667 0.792683 0.16 0.287805
77 0.525 0.829268 0.123333 0.321951
77 0.581667 0.587805 0.143333 0.209756
77 0.655 0.521951 0.163333 0.253659
77 0.635 0.121951 0.103333 0.097561
77 0.691667 0.217073 0.083333 0.102439
77 0.841667 0.212195 0.056667 0.102439
77 0.733333 0.739024 0.1 0.112195
77 0.823333 0.614634 0.093333 0.146341
77 0.885 0.470732 0.076667 0.190244
77 0.945 0.407317 0.063333 0.209756
77 0.928333 0.656098 0.076667 0.063415
77 0.89 0.758537 0.093333 0.063415
77 0.825 0.882927 0.243333 0.136585
77 0.971667 0.770732 0.056667 0.107317