77 0.0625 0.329327 0.11859 0.129808
77 0.157051 0.170673 0.102564 0.245192
77 0.052885 0.475962 0.099359 0.105769
77 0.076923 0.704327 0.096154 0.245192
77 0.270833 0.28125 0.150641 0.1875
77 0.394231 0.237981 0.153846 0.129808
77 0.326923 0.53125 0.166667 0.158654
77 0.429487 0.557692 0.108974 0.230769
77 0.366987 0.798077 0.169872 0.336538
77 0.588141 0.581731 0.11859 0.192308
77 0.684295 0.560096 0.176282 0.274038
77 0.706731 0.211538 0.125 0.105769
77 0.863782 0.206731 0.073718 0.096154
77 0.527244 0.836538 0.125 0.326923
77 0.729167 0.733173 0.157051 0.197115
77 0.825321 0.617788 0.086538 0.139423
77 0.886218 0.463942 0.086538 0.274038
77 0.964744 0.435096 0.057692 0.254808
77 0.93109 0.673077 0.086538 0.086538
77 0.814103 0.733173 0.076923 0.129808
77 0.905449 0.757212 0.067308 0.091346
77 0.971154 0.783654 0.044872 0.105769
77 0.81891 0.894231 0.240385 0.125