77 0.1 0.649123 0.088889 0.087719
77 0.122222 0.745614 0.066667 0.122807
77 0.191667 0.758772 0.072222 0.114035
77 0.319444 0.75 0.105556 0.096491
77 0.330556 0.789474 0.083333 0.087719
77 0.422222 0.842105 0.122222 0.140351
77 0.477778 0.381579 0.133333 0.114035
77 0.472222 0.504386 0.122222 0.114035
77 0.472222 0.627193 0.122222 0.096491
77 0.541667 0.811404 0.161111 0.096491
77 0.552778 0.899123 0.094444 0.096491
77 0.766667 0.916667 0.122222 0.096491
77 0.697222 0.960526 0.05 0.078947
77 0.758333 0.964912 0.116667 0.070175
77 0.933333 0.197368 0.133333 0.078947
77 0.841667 0.372807 0.094444 0.131579
77 0.569444 0.236842 0.094444 0.122807
77 0.683333 0.232456 0.122222 0.149123
77 0.658333 0.315789 0.094444 0.070175
77 0.65 0.372807 0.111111 0.114035
77 0.658333 0.45614 0.094444 0.105263