77 0.061667 0.490244 0.116667 0.170732
77 0.06 0.331707 0.113333 0.146341
77 0.145 0.212195 0.083333 0.278049
77 0.216667 0.292683 0.04 0.097561
77 0.293333 0.292683 0.1 0.156098
77 0.411667 0.268293 0.123333 0.17561
77 0.075 0.697561 0.103333 0.22439
77 0.321667 0.531707 0.123333 0.165854
77 0.438333 0.54878 0.103333 0.287805
77 0.38 0.8 0.18 0.292683
77 0.528333 0.836585 0.09 0.24878
77 0.59 0.573171 0.113333 0.219512
77 0.68 0.536585 0.12 0.204878
77 0.748333 0.739024 0.063333 0.131707
77 0.843333 0.895122 0.206667 0.141463
77 0.896667 0.760976 0.093333 0.04878
77 0.818333 0.612195 0.09 0.141463
77 0.933333 0.663415 0.08 0.058537
77 0.971667 0.782927 0.056667 0.092683
77 0.621667 0.107317 0.083333 0.078049
77 0.711667 0.217073 0.123333 0.121951
77 0.853333 0.219512 0.073333 0.136585
77 0.868333 0.473171 0.11 0.22439
77 0.946667 0.417073 0.066667 0.219512