77 0.065 0.345588 0.12 0.147059
77 0.05 0.492647 0.09 0.102941
77 0.0725 0.694853 0.135 0.257353
77 0.1475 0.176471 0.095 0.235294
77 0.295 0.301471 0.14 0.117647
77 0.4225 0.261029 0.215 0.139706
77 0.2975 0.544118 0.195 0.147059
77 0.37 0.8125 0.18 0.242647
77 0.5025 0.834559 0.135 0.257353
77 0.425 0.558824 0.12 0.205882
77 0.575 0.599265 0.08 0.139706
77 0.6675 0.529412 0.135 0.235294
77 0.7425 0.757353 0.105 0.147059
77 0.815 0.617647 0.09 0.132353
77 0.62 0.113971 0.08 0.051471
77 0.725 0.216912 0.18 0.154412
77 0.8425 0.227941 0.095 0.117647
77 0.8825 0.477941 0.065 0.25
77 0.95 0.404412 0.1 0.220588
77 0.8675 0.889706 0.135 0.161765
77 0.89 0.753676 0.09 0.095588
77 0.9225 0.654412 0.095 0.088235
77 0.97 0.764706 0.06 0.073529