77 0.022034 0.61086 0.037288 0.090498
77 0.015254 0.699095 0.023729 0.049774
77 0.074576 0.69457 0.115254 0.149321
77 0.237288 0.705882 0.128814 0.099548
77 0.249153 0.757919 0.098305 0.067873
77 0.333898 0.798643 0.091525 0.122172
77 0.489831 0.859729 0.111864 0.108597
77 0.508475 0.803167 0.169492 0.104072
77 0.664407 0.91629 0.081356 0.113122
77 0.735593 0.873303 0.142373 0.126697
77 0.747458 0.952489 0.111864 0.085973
77 0.854237 0.954751 0.094915 0.090498
77 0.410169 0.599548 0.081356 0.122172
77 0.398305 0.477376 0.145763 0.122172
77 0.405085 0.355204 0.105085 0.113122
77 0.501695 0.221719 0.061017 0.108597
77 0.640678 0.217195 0.115254 0.099548
77 0.581356 0.282805 0.071186 0.067873
77 0.59322 0.348416 0.122034 0.072398
77 0.60678 0.41629 0.074576 0.072398
77 0.808475 0.375566 0.071186 0.090498
77 0.813559 0.307692 0.081356 0.108597
77 0.930508 0.196833 0.125424 0.076923