76 0.247059 0.550573 0.161765 0.253817
76 0.285294 0.727099 0.173529 0.175573
76 0.288971 0.841603 0.101471 0.148855
76 0.425735 0.802481 0.151471 0.280534
76 0.490441 0.932252 0.086765 0.124046
76 0.532353 0.59542 0.170588 0.278626
76 0.6375 0.497137 0.139706 0.192748
76 0.552941 0.873092 0.144118 0.169847
76 0.625 0.749046 0.123529 0.181298
76 0.388235 0.334924 0.1 0.208015
76 0.478676 0.308206 0.107353 0.215649
76 0.552941 0.178435 0.120588 0.295802
76 0.649265 0.215649 0.130882 0.232824
76 0.727941 0.416985 0.161765 0.223282
76 0.731618 0.104008 0.116176 0.124046