77 0.120455 0.536364 0.131818 0.090909
77 0.122727 0.59697 0.063636 0.066667
77 0.190909 0.621212 0.090909 0.10303
77 0.320455 0.6 0.104545 0.072727
77 0.331818 0.648485 0.109091 0.072727
77 0.4 0.675758 0.118182 0.115152
77 0.522727 0.727273 0.109091 0.084848
77 0.540909 0.666667 0.145455 0.072727
77 0.672727 0.778788 0.063636 0.090909
77 0.743182 0.739394 0.131818 0.072727
77 0.718182 0.793939 0.127273 0.09697
77 0.836364 0.818182 0.090909 0.084848
77 0.954545 0.842424 0.090909 0.133333
77 0.452273 0.309091 0.077273 0.09697
77 0.461364 0.412121 0.104545 0.109091
77 0.454545 0.524242 0.118182 0.066667
77 0.538636 0.209091 0.068182 0.066667
77 0.659091 0.209091 0.1 0.10303
77 0.6 0.260606 0.072727 0.060606
77 0.618182 0.324242 0.118182 0.10303
77 0.618182 0.369697 0.090909 0.072727
77 0.888636 0.190909 0.122727 0.066667
77 0.793182 0.281818 0.077273 0.066667
77 0.775 0.324242 0.05 0.054545