77 0.068212 0.215631 0.12053 0.239171
77 0.135762 0.27307 0.078146 0.165725
77 0.218543 0.316384 0.092715 0.154426
77 0.336424 0.253296 0.13245 0.160075
77 0.571523 0.107345 0.070199 0.109228
77 0.661589 0.209981 0.09404 0.088512
77 0.815232 0.210923 0.033113 0.090395
77 0.098013 0.429379 0.10596 0.094162
77 0.096689 0.602637 0.076821 0.090395
77 0.229139 0.528249 0.18543 0.163842
77 0.362914 0.542373 0.108609 0.263653
77 0.32649 0.801318 0.131126 0.235405
77 0.47351 0.849341 0.109934 0.286252
77 0.511258 0.555556 0.092715 0.188324
77 0.562914 0.660075 0.042384 0.088512
77 0.617881 0.530132 0.14702 0.254237
77 0.687417 0.741055 0.103311 0.156309
77 0.788079 0.596987 0.071523 0.12806
77 0.850993 0.43597 0.086093 0.216573
77 0.918543 0.391714 0.131126 0.248588
77 0.901325 0.638418 0.075497 0.094162
77 0.868874 0.743879 0.098013 0.079096
77 0.955629 0.775895 0.078146 0.101695
77 0.823841 0.878531 0.206623 0.129944