77 0.041667 0.478022 0.075758 0.142857
77 0.049242 0.343407 0.090909 0.115385
77 0.132576 0.203297 0.098485 0.274725
77 0.198864 0.266484 0.07197 0.115385
77 0.155303 0.42033 0.136364 0.137363
77 0.159091 0.604396 0.113636 0.142857
77 0.060606 0.722527 0.113636 0.181319
77 0.270833 0.296703 0.07197 0.197802
77 0.390152 0.241758 0.128788 0.208791
77 0.297348 0.527473 0.200758 0.153846
77 0.418561 0.557692 0.132576 0.258242
77 0.371212 0.818681 0.181818 0.296703
77 0.501894 0.832418 0.125 0.258242
77 0.579545 0.585165 0.113636 0.214286
77 0.660985 0.524725 0.132576 0.258242
77 0.626894 0.096154 0.064394 0.071429
77 0.681818 0.206044 0.121212 0.104396
77 0.848485 0.208791 0.068182 0.164835
77 0.727273 0.744505 0.083333 0.17033
77 0.80303 0.601648 0.121212 0.159341
77 0.875 0.46978 0.090909 0.269231
77 0.952652 0.414835 0.079545 0.225275
77 0.924242 0.667582 0.090909 0.082418
77 0.890152 0.766484 0.098485 0.093407
77 0.861742 0.879121 0.185606 0.164835
77 0.977273 0.771978 0.045455 0.093407