77 0.048333 0.490244 0.09 0.121951
77 0.068333 0.329268 0.13 0.131707
77 0.125 0.192683 0.136667 0.297561
77 0.223333 0.273171 0.06 0.107317
77 0.281667 0.304878 0.096667 0.190244
77 0.415 0.243902 0.123333 0.165854
77 0.326667 0.531707 0.153333 0.136585
77 0.426667 0.54878 0.106667 0.229268
77 0.378333 0.807317 0.15 0.278049
77 0.511667 0.846341 0.103333 0.268293
77 0.568333 0.573171 0.076667 0.180488
77 0.661667 0.529268 0.143333 0.24878
77 0.621667 0.109756 0.076667 0.073171
77 0.705 0.2 0.076667 0.087805
77 0.861667 0.226829 0.083333 0.180488
77 0.736667 0.773171 0.126667 0.170732
77 0.818333 0.595122 0.116667 0.136585
77 0.87 0.453659 0.093333 0.214634
77 0.951667 0.407317 0.07 0.239024
77 0.92 0.663415 0.08 0.078049
77 0.88 0.760976 0.08 0.087805
77 0.858333 0.885366 0.17 0.15122
77 0.966667 0.77561 0.066667 0.117073